40 47
59 33
48 42
35 39
41 54
45 40
35 41
44 34
46 36
48 36
40 49
41 45
38 43
40 45
41 36
36 40
35 37
46 36
40 45
34 44
51 51
38 43
42 45
38 43
47 41
30 56
36 51
36 41
57 45
46 51
44 45
40 43
38 42
51 57
46 38
34 44
42 43
45 41
48 35
42 56
30 45
48 32
41 41
51 32
48 45
41 45
44 36
36 47
39 42
48 46
43 33
35 39
43 37
34 50
42 41
45 47
54 38
43 48
35 36
38 49
40 45
40 36
39 48
51 33
44 34
42 40
41 33
42 52
42 30
32 40
46 46
37 39
38 53
34 50
35 39
39 47
48 41
40 47
40 41
39 39
37 44
45 43
40 37
44 53
32 48
52 53
