1290 1239 1532 846
1982 1032 2339 1414
3483 2399 1818 1144
1109 2198 738 889
1870 2153 1242 1839
4432 1876 1495 277
4380 2396 2550 2561
1321 1464 2248 1992
1990 1662 2601 2227
4448 1037 1159 1243
1215 1209 2134 2052
3056 2596 1693 2906
1243 1372 567 1231
1219 1522 2147 936
1992 3591 1150 630
2285 2581 2376 2541
3566 2716 1608 1759
2251 2998 1107 1222
1334 1333 3194 1669
1475 2649 472 1568
1885 836 1575 1058
1575 1974 2017 1355
2623 1582 3101 2199
1901 927 825 1711
4042 4046 1945 872
2020 1630 661 1033
2302 2655 1716 1853
2360 1570 2695 2524
2221 3646 2094 1844
3354 1704 1704 1410
2267 1809 2472 1539
870 769 182 933
1519 877 865 1934
2794 3030 2053 1842
2469 2234 966 1080
2578 2291 1400 2243
1207 2201 1780 496
1950 2069 964 1272
1602 1189 391 1123
2260 1297 651 1198
5300 3104 1042 934
2418 4377 2698 1998
1568 2852 1074 1689
2003 1934 1164 1646
1874 1172 2544 3625
1509 875 954 2074
3624 3115 1045 964
1864 701 1261 1432
2032 1340 2044 744
1442 2251 1528 1786
3020 3182 2559 2954
956 2043 1023 962
1488 965 1532 1042
1021 1236 932 803
4219 2516 2382 1800
1012 1344 1264 454
2697 2238 2240 1497
2086 2347 1756 2286
1597 1906 1387 1729
2021 2697 2548 1403
3637 4046 1246 2712
4100 3898 2422 3033
2308 2218 458 1797
1582 1933 3358 1987
2673 4902 428 385
2184 3958 914 1101
880 821 2338 1777
382 1366 1062 769
660 1806 1007 1895
3939 3324 2253 1569
3469 2154 2754 2495
2968 2687 2699 2346
1317 1206 1972 1956
3013 805 2054 1301
1151 477 1029 770
1775 1557 534 765
3330 2681 3454 1800
2808 1917 1176 870
2009 1344 422 611
574 984 783 1941
1776 1625 2776 1365
2280 2582 1052 1258
1226 2051 1532 1453
2089 726 1730 2220
1777 2025 1860 542
2653 2877 652 2565
926 1051 309 1300
2317 1973 3352 2010
1948 767 865 1489
2070 1709 1943 2669
2490 2528 1112 508
2372 2148 3013 2521
778 1322 1478 855
2165 1334 1193 923
1379 2179 2599 2253
2605 2407 2126 1688
1441 1124 1362 1338
2005 2166 1550 2743
